01734413
01344648
01607430
01864941
01637621
01904146
01982719
01642836
01035327
01218614
01770789
01775751
01896424
01288884
01782834
01037505
01252214
01775729
01943678
01093284
01956382
01172719
01509763
01997867
01650134
01660522
01234409
01494963
01646142
01614963
01335597
01798299
01063236
01534043
01599378
01160576
01171683
01919115
01998404
01288058
01861604
01513386
01624105
01137357
01038563
01206686
01974637
01170387
01333174
01305217
01046173
01641268
01041139
01976625
01587812
01327472
01298677
01250489
01834321
01004639
01435321
01194406
01766487
01721426
01544713
01100991
01497268
01145604
01433858
01233421
01822910
01551166
01102754
01374227
01633645
01026278
01322653
01733347
01061169
01158464
01543522
01325016
01730915
01078833
01081965
01808234
01045665
01737710
01457882
01843932
01962882
01096961
01736308
01950476
01669156
01625279
01827628
01840172
01158739
01514080
01095437
01808424
01754880
01147961
01907085
01248798
01384959
01331946
01613734
01263447
01095999
01414059
01653907
01529034
01239164
01605355
01383703
01958243
01394882
01624590
01414909
01074506
01651794
01186944
01212826
01952422
01564079
01062321
01221721
01111978
01702775
01946140
01850255
01419443
01902235
01256276
01803646
01374553
01130874
01390335
01802343
01694602
01341646
01059811
01853610
01362982
01944574
01468708
01244615
01487928
01651636
01231857
01042632
01520615
01016548
01171008
01657050
01203552
01000914
01356589
01603678
01314422
01960398
01751390
01951051
01225323
01864648
01819878
01348492
01261570
01552593
01565607
01261664
01097597
01573582
01809714
01749895
01636269
01831375
01985433
01416522
01047193
01127508
01475737
01804088
01783174
01499217
01905740
01579141
01539786
01633372
01121688
01672620
01209758
01931973
01129016
01615476
01856684
01602035
01411908
01400295
01273291
01854157
01003974
01532663
01494618
01264837
01223412
01816443
01100609
01825016
01030489
01627648
01970427
01451151
01888708
01373265
01473192
01084570
01096614
01298749
01985507
01624331
01584763
01179716
01962131
01152281
01825622
01109069
01955774
01555898
01281785
01659996
01293806
01897915
01397331
01447470
01345267
01218974
01599892
01757336
01812745
01428599
01890532
01931954
01957957
01936108
01008909
01226129
01719986
01660406
01298369
01282693
01179414
01035006
01008313
01743465
01032196
01684954
01440431
01251691
01867101
01140037
01218090
01261257
01811299
01220408
01672146
01948387
01300968
01034715
01896389
01456069
01113141
01031022
01846587
01544585
01754510
01311409
01900161
01397364
01214523
01491641
01046211
01352958
01619432
01606543
01705431
01489875
01336320
01030841
01071962
01443011
01803422
01869122
01503433
01809516
01701094
01182733
01507336
01826659
01360836
01431588
01754708
01347971
01687560
01545703
01923715
01738192
01929191
01656533
01971356
01523667
01722378
01916183
01010520
01975469
01740746
01273684
01514302
01555847
01256024
01786922
01312220
01307593
01744596
01429616
01934706
01038820
01362422
01678588
01321345
01811576
01610858
01244131
01875479
01693837
01419198
01122325
01653890
01836757
01340474
01771637
01669486
01606280
01938506
01705145
01685145
01339086
01971704
01504742
01821247
01167589
01232910
01338903
01609123
01625550
01445831
01495734
01803262
01821326
01979000
01867389
01819672
01482209
01862527
01408426
01791054
01861056
01787716
01219720
01238613
01559043
01387297
01055093
01291837
01536490
01324480
01347101
01571904
01797519
01587267
01688626
01784122
01095287
01206651
01726986
01300199
01875607
01482773
01166518
01757833
01374532
01867814
01180626
01524243
01859149
01884141
01126036
01136088
01564393
01239581
01968925
01293137
01778815
01990995
01095046
01278591
01262391
01469402
01019440
01821326
01266985
01577991
01909299
01193488
01729001
01100841
01989108
01236455
01178601
01891355
01595662
01854387
01011060
01747642
01775195
01921371
01316961
01423309
01303957
01675988
01968668
01055181
01717886
01450608
01149157
01039589
01993762
01589922
01645282
01225646
01777267
01366519
01958438
01644227
01901641
01343234
01918812
01265556
01996815
01963960
01013833
01051162
01002539
01342652
01128397
01832618
01184599
01565681
01226399
01038246
01871313
01466144
01790173
01848589
01692032
01276432
01696284
01031758
01269843
01370961
01416546
01030680
01912952
01223061